Distance(Rp) He1_fraction He3_fraction He_ion_fraction He1(atomos/cm^3) He3(atomos/cm^3) He+_ion(atomos/cm^3)
1.0 1.0 0.0 0.0 1280086064.2442825 0.0 0.0
1.02 0.9997195455526 1.586709592649e-21 0.0002804544473999915 1062682200.4209627 1.6866410673337898e-12 298117.55767576623
1.04 0.9990339031609 4.028216706727e-19 0.0009660968390999831 888166776.5651997 3.5811880221482244e-10 858884.881402334
1.06 0.997505030177 3.811468680514e-17 0.002494969822999977 746698933.2852072 2.8531380914287464e-08 1867651.0383935515
1.08 0.9945148949245 1.738493669632e-15 0.005485105075498303 630843981.2110765 1.1027670610646448e-06 3479330.0139070526
1.1 0.9893129538063 4.419015677e-14 0.010687046193655788 534979978.0995887 2.3896229206416203e-05 5779117.433602998
1.12 0.9811177389385 6.960837683904e-13 0.018882261060803956 454873483.2185258 0.00032272380344706655 8754341.623730263
1.1400000000000001 0.9692447578284 7.380812453848e-12 0.03075524216421916 387356173.0441363 0.002949722702121887 12291253.380074276
1.16 0.9532253736153 5.626250816839e-11 0.04677462632843747 330065652.06012833 0.019481564338458848 16196272.116016148
1.18 0.9328876319424 3.250173022021e-10 0.06711236773258271 281234431.72081137 0.09798185028342465 20232135.09799901
1.2 0.9083867870841 1.484187076935e-09 0.09161321143171289 239521827.61474648 0.39134783359277014 24156410.185376793
1.22 0.8801922887854 5.538271643409e-09 0.11980770567632834 203886561.68032968 1.2828778181918787 27752096.313935217
1.24 0.8490506438386 1.731600917214e-08 0.15094933884539086 173496314.17448458 3.538379941619775 30845220.019324407
1.26 0.8159460362662 4.617332714248e-08 0.18405391756047287 147667743.6366123 8.356325948375236 33309588.509070307
1.28 0.7820743952017 1.062232550658e-07 0.21792549857504498 125828838.92833868 17.09038031947236 35062281.32108221
1.3 0.7488307453787 2.124679292922e-07 0.2511690421533707 107494809.01361798 30.499815374479116 36055368.163009636
1.32 0.7177760502085 3.722097444591e-07 0.28222357758175554 92247854.09224662 47.836020982591506 36271089.566991135
1.34 0.6905115479089 5.769068636668e-07 0.3094878751842363 79712377.7062284 66.59789826424546 35727156.88375231
1.36 0.6684123738532 8.025855817564e-07 0.33158682356121827 69525963.2889478 83.4822003245701 34490524.44842872
1.3800000000000001 0.6522944101326 1.019966744221e-06 0.34770456990065574 61318842.820786655 95.88182805154358 32685918.411401656
1.4000000000000001 0.6421952194563 1.206173328716e-06 0.3578035743703713 54715251.3951525 102.76637836497436 30484986.385189384
1.42 0.6374018257152 1.350316054267e-06 0.36259682396874576 49355475.55746426 104.55804850644502 28076698.18410568
1.44 0.6366987704346 1.452335611923e-06 0.36329977722978807 44923725.2719256 102.47283183557605 25633439.455965146
1.46 0.6386965507905 1.518727471746e-06 0.36130193048202824 41166801.409804605 97.88866426098781 23287498.269285966
1.48 0.6421047637383 1.558382494643e-06 0.3578936778792053 37897885.5870503 91.9778279466449 21123365.566748448
1.5 0.6458878197909 1.579872837913e-06 0.35411060033626207 34988513.39089547 85.58359555863208 19182593.481534332
1.52 0.64931028059 1.590185272831e-06 0.3506881292247272 32355047.01896604 79.2387257823232 17474743.969476644
1.54 0.6519108460967 1.594424196945e-06 0.348087559479103 29944892.310861435 73.23832877029261 15989064.372471219
1.56 0.6534446996392 1.596008191445e-06 0.3465537043526085 27725217.407693304 67.71754995748609 14704039.686790263
1.58 0.6538211271486 1.597040073576e-06 0.34617727581132646 25674891.327052888 62.714140965183326 13594029.87650925
1.6 0.6530498503792 1.598681548708e-06 0.34694855093925125 23779265.67559422 58.2122073151443 12633310.862495933
1.62 0.6512002794122 1.601464121361e-06 0.3487981191236786 22027062.12013061 54.17004691125177 11798210.289861934
1.6400000000000001 0.6483730702722 1.605521680685e-06 0.3516253242061193 20408655.804367825 50.5365519789313 11068010.907376556
1.6600000000000001 0.6446815447555 1.610753398615e-06 0.3553168444911014 18915210.43888424 47.26013913040712 10425136.163279554
1.68 0.6402402827768 1.616932470552e-06 0.35975810029072947 17538296.36660669 44.29312187345879 9854962.8208662
1.7 0.6351586025827 1.623775828387e-06 0.36483977364147163 16269761.939826524 41.59346352875905 9345470.940943558
1.72 0.6295372097072 1.630987060118e-06 0.3704611593057399 15101724.424539175 39.12511721641868 8886849.341967667
1.74 0.6234668108784 1.638281561026e-06 0.37653155084003903 14026607.343303852 36.85766711769439 8471116.86435634
1.76 0.6170278902126 1.645400223054e-06 0.38297046438717697 13037187.24923834 34.76567453134468 8091786.018656427
1.78 0.6102911321748 1.652115916495e-06 0.38970721570928346 12126633.236222772 32.827945101654514 7743577.163861618
1.8 0.6033181708407 1.658235562449e-06 0.3966801709237375 11288533.29136335 31.026825075637806 7422182.078912832
1.82 0.5961624728073 1.663599602993e-06 0.40383586359309703 10516906.930537295 29.34757384504384 7124071.6857308205
1.84 0.5888702424788 1.668080015185e-06 0.4111280894411848 9806205.888756255 27.77782758892365 6846341.351433456
1.86 0.5814812890585 1.67157758503e-06 0.41851703936391493 9151305.402562713 26.30715256454073 6586587.247883448
1.8800000000000001 0.5740298252697 1.674018879815e-06 0.4259685007114202 8547488.627498804 24.92667925523604 6342807.9086185545
1.9000000000000001 0.5665451859287 1.675353180794e-06 0.43345313871811925 7990426.415364122 23.62880603942757 6113325.989626588
1.92 0.5590524647551 1.675549526314e-06 0.44094585969537375 7476154.25705638 22.406960909382054 5896726.110557552
1.94 0.5515730733177 1.674593947036e-06 0.448425252088353 7001047.784906452 21.255410770861353 5691805.437393052
1.96 0.5441252286445 1.672486931151e-06 0.45587309886856886 6561797.867559487 20.169109242897942 5497534.336875756
1.98 0.5367243770266 1.669241132833e-06 0.46327395373226715 6155386.034763477 19.143575357270933 5313024.9847622095
2.0 0.5293835615964 1.664879321218e-06 0.4706147735242788 5779060.736351086 18.17479690340128 5137506.256181063
2.02 0.5221137408403 1.659432559215e-06 0.47788459972714076 5430314.761863055 17.259153356352073 4970303.5821060045
2.04 0.514924064549 1.652938596845e-06 0.4850742825124032 5106864.014612959 16.39335432106085 4810822.737419493
2.06 0.5078221129856 1.645440462008e-06 0.492176241573938 4806627.7374878265 15.574390249714684 4658536.747392256
2.08 0.5008141043233 1.636985230798e-06 0.4991842586914692 4527710.218995767 14.799492853429248 4512975.273116803
2.1 0.4939050747355 1.627622960412e-06 0.5060932976415395 4268383.9605784295 14.066103171367992 4373715.972378378
2.12 0.4870990349109 1.617405767911e-06 0.5128993476833321 4027074.254409983 13.371845682428887 4240377.438926848
2.14 0.4803991062326 1.606387039802e-06 0.5195992873803601 3802345.100794883 12.714507191056544 4112613.40646756
2.16 0.4738076393982 1.594620758073e-06 0.5261907659810419 3592886.3825902296 12.092019483588672 3990107.969004583
2.18 0.4673263178538 1.582160929817e-06 0.5326720999852701 3397502.208362178 11.502444967628106 3872571.6204988994
2.2 0.4609562480795 1.569061108612e-06 0.5390421828593914 3215100.334560995 10.943964674007503 3759737.9570714035
2.22 0.4546980384668 1.555373996932e-06 0.545300406159203 3044682.578352099 10.414868133693313 3651360.9167954973
2.24 0.4485518682868 1.541151119889e-06 0.5514465905620801 2885336.136077244 9.91354474646495 3547212.457151158
2.2600000000000002 0.4425175480329 1.526442561545e-06 0.5574809255245384 2736225.7267539087 9.438476340380154 3447080.590081848
2.2800000000000002 0.4365945722466 1.511296755943e-06 0.563403916456644 2596586.4851934435 8.988230685977905 3350767.7103005266
2.3000000000000003 0.4307821657801 1.495760325735e-06 0.5692163384595743 2465717.534750079 8.561455779557372 3258089.1650061067
2.32 0.4250793243226 1.479877962042e-06 0.574919195799438 2342976.1752448105 8.156874750047457 3168872.023111412
2.34 0.4194848499036 1.463692339965e-06 0.58051368640406 2227772.6269939286 7.773281275984251 3082954.0100518507
2.36 0.4139973819954 1.447244064582e-06 0.5860011707605355 2119565.2770784707 7.4095354225694186 3000182.580587342
2.38 0.4086154247522 1.430571642974e-06 0.591383144676157 2017856.3788659468 7.064559828964905 2920414.1071332907
2.4 0.4033373708578 1.413711478269e-06 0.5966612154307217 1922188.160395399 6.7373361907042275 2843513.165241535
2.42 0.3981615223901 1.396697882174e-06 0.6018370809120178 1832139.3014476155 6.42690199399153 2769351.901179171
2.44 0.3930861090617 1.37956310286e-06 0.6069125113751972 1747321.7430295309 6.132347467740707 2697809.4692124687
2.46 0.3881093041505 1.362337365486e-06 0.6118893335121346 1667377.7965562362 5.85281272656485 2628771.528373607
2.48 0.3832292383944 1.345048922902e-06 0.616769416556677 1591977.5232469963 5.5874850830767295 2562129.7902481277
2.5 0.3784440120929 1.327724114508e-06 0.6215546601829854 1520816.357202564 5.335596512755444 2497781.610743841
2.52 0.3737517056265 1.310387431365e-06 0.6262469839860686 1453612.948277733 5.096421257261302 2435629.61998021
2.54 0.3691503885819 1.29306158607e-06 0.6308483183565139 1390107.2032732898 4.869273555357774 2375581.385378039
2.56 0.3646381276467 1.275767585956e-06 0.6353605965857141 1330058.5061300944 4.65350549186101 2317549.1038268786
2.58 0.3602129934199 1.258524808509e-06 0.6397857480552915 1273244.0997589028 4.448504957083433 2261449.319435441
2.6 0.3558730662645 1.241351077977e-06 0.6441256923844221 1219457.6138843568 4.25369371004184 2207202.663920937
2.62 0.3516164413169 1.224262742394e-06 0.6483823344203575 1168507.724862532 4.068525539906313 2154733.6171113634
2.64 0.347441232753 1.207274750247e-06 0.6525575599722497 1120216.9348402424 3.892484520376881 2103970.2854111786
2.66 0.343345577398 1.190400726252e-06 0.6566532322012738 1074420.4588865899 3.7250833526130456 2054844.196385926
2.68 0.3393276377601 1.173653045762e-06 0.6606711885868543 1030965.2098747741 3.5658617925476457 2007290.1078609212
2.7 0.3353856045561 1.157042907418e-06 0.6646132384009926 989708.8719034647 3.414385158719675 1961245.8301558644
2.72 0.3315176987909 1.140580403712e-06 0.6684811606286963 950519.0539658933 3.270242916931487 1916652.060243646
2.74 0.3277221734442 1.124274589286e-06 0.6722767022812107 913272.516392682 3.1330473384901993 1873452.2267809683
2.7600000000000002 0.3239973148142 1.108133546712e-06 0.6760015770522533 877854.463337997 3.002432228531109 1831592.3450759314
2.7800000000000002 0.3203414435597 1.092164449711e-06 0.6796574642758503 844157.8952299111 2.878051721525542 1791020.8811726114
2.8000000000000003 0.3167529154788 1.076373623637e-06 0.6832460081475763 812083.0157056212 2.7595791406934196 1751688.6243228498
2.82 0.3132301220572 1.060766603261e-06 0.6867688171761968 781536.6880812381 2.64670591862297 1713548.5671947575
2.84 0.3097714908176 1.045348187786e-06 0.6902274638342122 752431.9368903682 2.5391405761216275 1676555.7932298768
2.86 0.3063754854933 1.030122493137e-06 0.6936234843842068 724687.4904428695 2.4366077566494133 1640667.370632766
2.88 0.3030406060526 1.015093001521e-06 0.6969583788543984 698227.3607579954 2.3388473135936647 1605842.2525105772
2.9 0.2997653885927 1.000262608337e-06 0.7002336111446916 672980.4575603578 2.2456134479013836 1572041.182738373
2.92 0.2965484051211 9.856336664797e-07 0.7034506092452335 648880.2333445181 2.156673893546612 1539226.6071604406
2.94 0.2933882632427 9.712080281142e-07 0.7066107655492718 625864.3568000044 2.0718091484520844 1507362.5897659606
2.96 0.2902836057639 9.569870840075e-07 0.709715437249016 603874.4121314941 1.990811748571473 1476414.733520905
2.98 0.2872331102292 9.429718004983e-07 0.7127659467989994 582855.6220492927 1.9134855828974844 1446350.1055486966
3.0 0.2842354883995 9.291627542018e-07 0.7157635824377458 562756.592402112 1.839645247276891 1417137.1663908754
3.02 0.2812894856821 9.155601645424e-07 0.7187095987577354 543529.0766131531 1.7691154349790341 1388745.7030913837
3.04 0.2783938805225 9.021639242131e-07 0.7216052173135757 525127.7582516207 1.701730362062399 1361146.7658676705
3.06 0.2755474837632 8.88973627657e-07 0.7244516272631724 507510.0502154041 1.6373332256595543 1334312.608156237
3.08 0.2727491379787 8.759885976702e-07 0.7272499860327024 490635.9091468312 1.575775693390974 1308216.6298250237
3.1 0.2699977167905 8.632079102196e-07 0.7300014200015897 474467.6638189074 1.5169174221931996 1282833.3233698895
3.12 0.2672921241683 8.506304175719e-07 0.7327070252012825 458969.85634702543 1.4606256049338808 1258138.2229180248
3.14 0.2646312937217 8.382547698248e-07 0.7353678680235302 444109.09518025967 1.4067745432591736 1234107.8558759524
3.16 0.2620141879861 8.260794349291e-07 0.737984985934465 429853.91891825345 1.3552452451959884 1210719.6970707208
3.18 0.2594397977063 8.141027172896e-07 0.7405593881909828 416174.67008323275 1.3059250461080485 1187952.1252414964
3.2 0.2569071411206 8.023227750273e-07 0.743092056556625 403043.3780522753 1.2587072516737814 1165784.3817498283
3.22 0.2544152632483 7.907376359819e-07 0.745583946014064 390433.65042351885 1.2134908016205266 1144196.5313823912
3.24 0.2519632351821 7.793452125338e-07 0.7480359854726875 378320.57215141354 1.1701799530243466 1123169.4251319817
3.2600000000000002 0.2495501533878 7.681433153154e-07 0.7504490784688848 366680.6118435848 1.1286839820358952 1102684.6648449218
3.2800000000000002 0.2471751390131 7.571296658852e-07 0.7528241038572341 355491.5346638243 1.0889169029688437 1082724.5696337717
3.3000000000000003 0.2448373372057 7.463019084276e-07 0.7551619164923916 344732.321329167 1.050797203730757 1063272.1439585404
3.3200000000000003 0.2425359164432 7.356576205434e-07 0.7574633478991795 334383.0927365694 1.0142475966446685 1044311.047285405
3.34 0.2402700678744 7.251943231903e-07 0.7597292069312769 324425.03978849936 0.979194783756393 1025825.5652385644
3.36 0.2380390046744 7.149094898292e-07 0.7619602804161102 314840.3580267015 0.9455692357745706 1007800.582162885
3.38 0.2358419614118 7.048005548303e-07 0.7641573337876452 305612.1867101238 0.913304983840842 990221.5550253458
3.4 0.2336781934309 6.948649211883e-07 0.7663211117041788 296724.5520085558 0.8823394233704072 973074.4885802121
3.42 0.2315469762471 6.850999675958e-07 0.7684523386529324 288162.31400445424 0.8526131292515851 956345.9117343448
3.44 0.2294476049578 6.755030549165e-07 0.770551719539145 279911.1172252141 0.8240696817275491 940022.8550464968
3.46 0.2273793936671 6.660715321037e-07 0.7726199402613678 271957.34444557806 0.7966555023316072 924092.8293036671
3.48 0.2253416749251 6.568027415995e-07 0.7746576682721583 264288.0735235127 0.7703196992744032 908543.8051168964
3.5 0.2233337991831 6.476940242554e-07 0.7766655531228757 256891.03705245518 0.7450139217272513 893364.1934827752
3.52 0.2213551342615 6.387427238052e-07 0.7786442269957762 249754.58462422353 0.7206922224684061 878542.8272634542
3.54 0.2194050648343 6.299461909255e-07 0.7805943052195091 242867.64752156264 0.6973109283998971 864068.9435340385
3.56 0.2174829919266 6.213017869119e-07 0.7825163867716131 236219.70566446334 0.6748285184648671 849932.166756262
3.58 0.2155883324269 6.128068870006e-07 0.784411054766213 229800.75665422846 0.6532055085282014 836122.4927343307
3.6 0.2137205186137 6.04458883361e-07 0.7862788769274166 223601.28676843023 0.6324043428063445 822630.2733131048
3.62 0.2118789976955 5.962551877766e-07 0.7881204060493122 217612.24377100356 0.6123892914513384 809446.2017824985
3.64 0.2100632313644 5.88193234061e-07 0.789936180442366 211825.0114126239 0.5931263539484652 796561.2989508943
3.66 0.2082726953635 5.802704802149e-07 0.7917267243660198 206231.38550634496 0.5745831679677933 783966.8998542145
3.68 0.2065068790672 5.724844103241e-07 0.7934925484483897 200823.5514708015 0.5567289233282208 771654.6410696927
3.7 0.2047652850735 5.64832536304e-07 0.7952341500939637 195594.0632411137 0.5395342808563836 759616.4486042652
3.72 0.2030474288103 5.573123992168e-07 0.7969520138773007 190535.82345778466 0.5229712955745639 747844.5263264941
3.74 0.2013528381521 5.499215707274e-07 0.7986466119263292 185642.064845609 0.5070133444846625 736331.3449197947
3.7600000000000002 0.1996810530502 5.426576541772e-07 0.8003184042921458 180906.33270643422 0.49163505817246256 725069.631326308
3.7800000000000002 0.1980316251732 5.355182855485e-07 0.8019678393085146 176322.46845013884 0.4768122562520707 714052.3586615407
3.8000000000000003 0.1964041175593 5.285011342845e-07 0.8035953539395657 171884.59409726752 0.46252188638056024 703272.7365741108
3.8200000000000003 0.1947981042798 5.216039039747e-07 0.8052013741162961 167587.09768993044 0.44874196663279203 692724.2020295522
3.84 0.1932131701127 5.148243329187e-07 0.806786315062967 163424.61955170578 0.4354515310427538 682400.4104988367
3.86 0.1916489102267 5.081601945772e-07 0.8083505816131054 159392.03934237332 0.4226305781257341 672295.2275308903
3.88 0.1901049298754 5.016092979215e-07 0.8098945685153021 155484.4638568087 0.4102600222100134 662402.7206905078
3.9 0.1885808441014 4.951694876885e-07 0.8114186607291124 151697.21552109474 0.39832164741484904 652717.1518453737
3.92 0.1870762774495 4.888386445511e-07 0.8129232337118554 148025.82154108753 0.386798064122489 643232.9697843071
3.94 0.1855908636888 4.826146852105e-07 0.8144086536965148 144466.0036629084 0.3756726678006241 633944.8031521024
3.96 0.1841242455443 4.764955624185e-07 0.8158752779601376 141013.66850790553 0.36492960004120684 624847.4536852094
3.98 0.1826760744369 4.704792649355e-07 0.8173234550838351 137664.89844578173 0.35455371168797467 615935.8897343568
4.0 0.1812460102311 4.6456381743e-07 0.8187535252050826 134415.94297245343 0.3445305279333605 607205.2400609341
4.0200000000000005 0.1798337209916 4.587472803271e-07 0.8201658202611197 131263.21056305847 0.3348462152747162 598650.7878941547
4.04 0.1784388827472 4.530277496082e-07 0.8215606642250504 128203.26096992657 0.32548755022144965 590267.9652365348
4.0600000000000005 0.1770611792623 4.474033565695e-07 0.8229383733343434 125232.79793932279 0.3164418896569093 582052.3474071211
4.08 0.1757003018156 4.418722675419e-07 0.8242992563121324 122348.66232145687 0.3076971427598327 573999.6478105464
4.1 0.1743559489864 4.364326835771e-07 0.8256436145809165 119547.82555091246 0.299241744398761 566105.7129220365
4.12 0.1730278264467 4.310828401034e-07 0.8269717424704599 116827.38347425115 0.2910646299162924 558366.5174787769
4.14 0.1717156467609 4.25821006555e-07 0.8282839274180934 114184.55050582168 0.28315521122615944 550778.159867532
4.16 0.1704191291912 4.206454859771e-07 0.8295804501633139 111616.65409123494 0.2755033541491058 543336.8577000741
4.18 0.1691379995098 4.155546146113e-07 0.8308615849355854 109121.12946162089 0.26809935692036063 536038.9435680321
4.2 0.1678719898162 4.105467614618e-07 0.8321275996370385 106695.51466063112 0.26093392980199837 528880.8609691095
4.22 0.1666208383611 4.056203278472e-07 0.8333787560185721 104337.44582963522 0.2539981757410041 521859.1603963318
4.24 0.1653842893756 4.007737469382e-07 0.834615309850653 102044.65273567157 0.24728357201452686 514970.49558414763
4.26 0.164162092905 3.960054832845e-07 0.8358375110895166 99814.95452783027 0.2407819528086067 508211.61990384123
4.28 0.1629540046495 3.913140323323e-07 0.8370456040364678 97646.25571081962 0.23448549267959923 501579.3829011197
4.3 0.1617597858081 3.866979199344e-07 0.8382398274939801 95536.5423211919 0.22838669085007993 495070.72697098716
4.32 0.1605792029286 3.821557018539e-07 0.8394204149156982 93483.87829684497 0.22247835629399848 488682.684162769
4.34 0.1594120277619 3.776859632638e-07 0.8405875945521367 91486.40202783259 0.21675359356842414 482412.3731094363
4.36 0.1582580371204 3.732873182433e-07 0.8417415895922817 89542.32307874596 0.2112057893521771 476256.9960775384
4.38 0.1571170127418 3.689584092714e-07 0.8428826182997907 87649.91907372641 0.2058285996523749 470213.83613012364
4.4 0.1559887411559 3.646979067212e-07 0.8440108941461932 85807.53273410068 0.20061593764489283 464280.25439993624
4.42 0.1548730135567 3.605045083522e-07 0.8451266259387916 84013.56906160135 0.19556196211277202 458453.68746642536
4.44 0.1537696256774 3.563769388055e-07 0.8462300179456612 82266.4926581226 0.19066106645322875 452731.6448338174
4.46 0.15267837767 3.523139490989e-07 0.8473212700160508 80564.82517549332 0.18590786822080413 447111.7065041584
4.48 0.1515990739884 3.483143161265e-07 0.8484005776972838 78907.14288795384 0.18129719918089146 441591.5206428281
4.5 0.1505315232746 3.443768421598e-07 0.8494681323485578 77292.07438049573 0.17682409584456008 436168.8013318882
4.5200000000000005 0.1494755382489 3.405003543532e-07 0.8505241212507456 75718.29834757526 0.17248379046101492 430841.3264077819
4.54 0.1484309356034 3.366837042537e-07 0.8515687277128957 74184.54149594257 0.16827170244316736 425606.93537942815
4.5600000000000005 0.1473975358985 3.329257673164e-07 0.8526021311757327 72689.5765461506 0.16418343020466772 420463.5274241395
4.58 0.1463751634625 3.292254424232e-07 0.8536245073120575 71232.22032759951 0.16021474338540267 415409.05945747346
4.6000000000000005 0.1453636462943 3.255816514085e-07 0.8546360281240486 69811.3319624049 0.15636157544734108 410441.5442744621
4.62 0.1443628159694 3.219933385899e-07 0.8556368620372614 68425.811133555 0.1526200166203844 405559.0487586458
4.64 0.1433725075477 3.184594703058e-07 0.8566271739928296 67074.59643237898 0.1489863071811314 400759.6921568948
4.66 0.1423925594855 3.149790344588e-07 0.8576071255354656 65756.66378253452 0.1454568310471573 396041.6444167091
4.68 0.1414228135485 3.115510400657e-07 0.8585768749004599 64471.024935021436 0.1420281096707162 391403.1245839786
4.7 0.1404631147287 3.08174516815e-07 0.8595365770967832 63216.72603214396 0.13869679621736028 386842.3992582286
4.72 0.1395133111628 3.0484851463e-07 0.8604863839886854 61992.84623577431 0.13545967001391682 382357.78110333986
4.74 0.138573254054 3.015721032295e-07 0.8614264443738968 60798.49641543991 0.1323136312440963 377947.62739729224
4.76 0.1376427975949 2.983443717595e-07 0.8623569040607283 59632.81790804714 0.12925569594557695 373610.33871855924
4.78 0.1367217988933 2.951644282716e-07 0.8632779059422717 58494.981299372936 0.12628299109392013 369344.3574690241
4.8 0.1358101179007 2.920313994212e-07 0.8641895900679006 57384.18530390263 0.12339275009831774 365148.16672509833
4.82 0.1349076173413 2.889444300154e-07 0.86509209371427 56299.655660527926 0.12058230836395091 361020.2889251415
4.84 0.1340141626451 2.859026826296e-07 0.8659855514522173 55240.64409031118 0.11784909910926035 356959.28468253504
4.86 0.1331296218807 2.829053372013e-07 0.8668700952139629 54206.427296672024 0.11519064935514499 352963.7516283447
4.88 0.132253865692 2.799515907176e-07 0.8677458543564093 53196.306009631175 0.11260457612920503 349032.32329279766
4.9 0.1313867672357 2.770406567764e-07 0.8686129557236433 52209.60407079546 0.11008858278597496 345163.6680255609
4.92 0.1305282021204 2.74171765246e-07 0.8694715237078348 51245.66755765028 0.10764045552799952 341356.48795404396
4.94 0.1296780483479 2.713441619083e-07 0.8703216803079381 50303.863945247045 0.1052580600716085 337609.5179760491
4.96 0.1288361862564 2.685571081097e-07 0.8711635451864919 49383.58130370543 0.10293933846062264 333921.524787484
4.98 0.1280024984643 2.658098804191e-07 0.8719972357258196 48484.227529217074 0.10068230602036245 330291.30594330054
5.0 0.1271768698167 2.631017702921e-07 0.8728228670815298 47605.22960775687 0.09848504844485503 326717.6889492895
5.0200000000000005 0.1263591873323 2.604320837433e-07 0.8736405522356162 46746.032909299916 0.09634571901199532 323199.53038559726
5.04 0.1255493401531 2.578001410248e-07 0.874450402046759 45906.100511825076 0.09426253591946843 319735.71505842113
5.0600000000000005 0.124747219494 2.55205276311e-07 0.8752525253007236 45084.91255281489 0.09223377973608299 316325.15518080525
5.08 0.1239527185952 2.526468373918e-07 0.8760470287579627 44281.965608054554 0.0902577909638577 312966.7895803677
5.1000000000000005 0.1231657326747 2.501241853702e-07 0.8768340172011146 43496.77209542962 0.08833296770407151 309659.5829332592
5.12 0.1223861588829 2.476366943683e-07 0.8776135934804056 42728.85970343905 0.08645776342413615 306402.5250235607
5.14 0.121613896258 2.451837512387e-07 0.8783858585582488 41977.77084271859 0.08463068481928704 303194.6300266425
5.16 0.1208488456832 2.427647552822e-07 0.8791509115520447 41243.06211999337 0.08285028976524719 300034.9358159435
5.18 0.120090909844 2.403791179724e-07 0.8799088497768821 40524.30383289881 0.08111518535792371 296922.5032930036
5.2 0.1193399931881 2.380262626856e-07 0.8806597687856373 39821.07948546263 0.07942402603535618 293856.41573808045
5.22 0.1185960018847 2.357056244371e-07 0.8814037624096756 39132.985322410546 0.07777551177883857 290835.7781827134
5.24 0.1178588437864 2.334166496236e-07 0.8821409227969503 38459.62988247934 0.0761683863894133 287859.71680195956
5.26 0.1171284283912 2.311587957707e-07 0.8828713404500043 37800.63356905924 0.07460143583596246 284927.3783262178
5.28 0.116404666806 2.289315312871e-07 0.8835951042624687 37155.62823790076 0.07307348667225766 282037.92947168346
5.3 0.1156874717106 2.26734335223e-07 0.8843123015550648 36524.256800823736 0.07158340451907484 279190.55638904806
5.32 0.1149767573229 2.245666970352e-07 0.885023018110403 35906.17284498373 0.07013009260930868 276384.4641297088
5.34 0.1142724393654 2.224281163482e-07 0.8857273382064836 35301.04026700091 0.06871249038986058 273618.8761283924
5.36 0.1135744350316 2.203181027566e-07 0.8864253446502972 34708.532920955564 0.06732957219186085 270893.03370255814
5.38 0.1128826629543 2.182361755776e-07 0.8871171188095244 34128.3342802161 0.0659803459381851 268206.19556690165
5.4 0.1121970431743 2.161818636455e-07 0.8878027406438364 33560.13711212739 0.06466385191477192 265557.6373634279
5.42 0.1115174971095 2.141547051028e-07 0.8884822887357949 33003.64316492966 0.06337916158899741 262946.65120580606
5.44 0.1108439475255 2.121542471942e-07 0.8891558403202529 32458.56286680318 0.062125376475139014 260372.545237805
5.46 0.1101763185069 2.101800460678e-07 0.889823471313054 31924.615036282932 0.060901627046128844 257834.64320546464
5.48 0.1095145354283 2.082316665785e-07 0.8904852563400334 31401.52660322548 0.059707071688029426 255332.2840423219
5.5 0.1088585249276 2.063086820972e-07 0.8911412687637179 30889.032340721667 0.058540895696597366 252864.821467144
5.5200000000000005 0.1082082148787 2.044106743249e-07 0.8917915807106257 30386.874606620535 0.057402310313763014 250431.62359411494
5.54 0.1075635343657 2.025372331093e-07 0.8924362630970669 29894.803094878112 0.056290551801677476 248032.07255453622
5.5600000000000005 0.1069244136571 2.006879562678e-07 0.8930753856549437 29412.574595945436 0.05520488055388601 245665.56413035377
5.58 0.1062907841813 1.988624494129e-07 0.8937090169562506 28939.952766122322 0.054144580240825996 243331.50739819085
5.6000000000000005 0.1056625785024 1.970603257825e-07 0.8943372244372741 28476.707905305433 0.05310895698901689 241029.32438435027
5.62 0.105039730296 1.952812060742e-07 0.8949600744227939 28022.616742687806 0.052097338592229175 238758.4497302574
5.64 0.1044221743271 1.935247182829e-07 0.8955776321481818 27577.46223063059 0.05110907375307396 236518.33036725427
5.66 0.103809846427 1.917904975371e-07 0.8961899617825025 27141.033345595617 0.05014353135261869 234308.42520156773
5.68 0.1032026834715 1.900781859611e-07 0.8967971264503141 26713.12489645219 0.04920009975391903 232128.2048083791
5.7 0.1026006233597 1.88387432507e-07 0.8973991882528675 26293.537339668455 0.04827818612350348 229977.15113476606
5.72 0.1020036049931 1.867178928127e-07 0.8979962082890072 25882.076601062086 0.04737721578461961 227854.75721148858
5.74 0.1014115682552 1.850692290579e-07 0.8985882466755709 25478.553903876516 0.04649663159369191 225760.5268730224
5.76 0.1008244539917 1.834411098233e-07 0.8991753625671901 25082.78560299512 0.04563589334043996 223693.9744858415
5.78 0.1002422039912 1.818332099535e-07 0.8997576141755901 24694.59302500401 0.044794477170773124 221654.6246844826
5.8 0.09966476096617 1.802452104222e-07 0.9003350587886195 24313.802313830296 0.04397187503121273 219642.01211527272
5.82 0.09909206853464 1.786767982016e-07 0.9009077527885617 23940.244281850464 0.043167594134437486 217655.68118735478
5.84 0.0985240712021 1.771276661336e-07 0.9014757516702339 23573.75426612058 0.04238115644449673 215695.1858307645
5.86 0.09796071434398 1.755975128053e-07 0.9020391100585072 23214.17198966508 0.04161209818158247 213760.0892616342
5.88 0.09740194418844 1.740860424265e-07 0.9025978817255176 22861.34142750061 0.04085996934491287 211849.96375375078
5.9 0.09684770779968 1.725929647063e-07 0.9031521196073553 22515.110677327943 0.04012433325245246 209964.39041678712
5.92 0.09629795306153 1.711179947486e-07 0.9037018758204752 22175.331834627985 0.03940476610132885 208102.95898076083
5.94 0.09575262866147 1.696608529259e-07 0.904247201677677 21841.86087201762 0.03870085653874582 206265.26758635588
5.96 0.09521168407508 1.682212647721e-07 0.9047881477036552 21514.55752275757 0.03801220525241861 204450.92258140698
5.98 0.09467506955074 1.667989608737e-07 0.9053247636502991 21193.28516814299 0.03733842457492674 202659.5383226996
6.0 0.09414273609476 1.653936767638e-07 0.9058570985115633 20877.910728761948 0.036679138102599984 200890.73698371515
6.0200000000000005 0.09361463545684 1.640051528179e-07 0.9063852005380072 20568.304559349686 0.03603398032796358 199144.14836714324
6.04 0.09309072011586 1.626331341531e-07 0.9069091172510059 20264.34034721411 0.03540259628576087 197419.4097230409
6.0600000000000005 0.09257094326599 1.612773705287e-07 0.9074288954566394 19965.89501402838 0.03478464121146754 195716.16557178702
6.08 0.09205525880314 1.599376162492e-07 0.9079445812592437 19672.848620880144 0.03417978021205245 194034.0675317535
6.1000000000000005 0.09154362131167 1.586136300672e-07 0.9084562200746998 19385.084276484118 0.033587687948060004 192372.7741519798
6.12 0.09103598605144 1.573051750999e-07 0.9089638566433849 19102.488048395517 0.033008048329357026 190731.9507490423
6.140000000000001 0.09053230894516 1.560120187296e-07 0.9094675350428213 18824.948877178587 0.03244055421793327 189111.26924870102
6.16 0.090032546566 1.547339325186e-07 0.9099672987000674 18552.35849333764 0.031884907143713614 187510.40803141138
6.18 0.08953665612549 1.534706921229e-07 0.9104631904038178 18284.6113369996 0.03134081702978267 185929.05178239217
6.2 0.08904459546167 1.522220772081e-07 0.9109552523162529 18021.604480167513 0.03080800192724522 184366.8913453764
6.22 0.08855632302755 1.509878713671e-07 0.9114435259845787 17763.23755152469 0.03028618775938185 182823.6235805155
6.24 0.08807179787976 1.497678620395e-07 0.911928052352378 17509.412663630334 0.029775108074657695 181298.95122588344
6.26 0.0875909796675 1.48561840433e-07 0.9124088717706597 17260.034342467658 0.02927450380835507 179792.58276268616
6.28 0.08711382862176 1.473696014444e-07 0.9128860240086386 17015.009459261822 0.02878412305205202 178304.2322841382
6.3 0.08664030554467 1.461909435915e-07 0.9133595482643864 16774.247164434124 0.028303720832809624 176833.61936764588
6.32 0.0861703717992 1.450256689326e-07 0.9138294831751311 16537.658823687132 0.027833058897241615 175380.46895043066
6.34 0.08570398929899 1.438735829967e-07 0.9142958668274269 16305.157956088844 0.027371905504721905 173944.5112083721
6.36 0.08524112049851 1.42734494714e-07 0.9147587367669954 16076.660174126779 0.026920035227396895 172525.48143795854
6.38 0.08478172838329 1.416082163469e-07 0.9152181300084936 15852.083125629724 0.02647722875682317 171123.11994146017
6.4 0.08432577646049 1.404945634233e-07 0.9156740830449466 15631.34643750989 0.026043272717272605 169737.17191481867
6.42 0.08387322874962 1.393933546706e-07 0.9161266318570254 15414.371661271281 0.02561795948524002 168367.3873386783
6.44 0.08342404977341 1.383044119502e-07 0.9165758119221781 15201.082220180779 0.02520108701482435 167013.52087199767
6.46 0.082978204549 1.372275602007e-07 0.9170216582234398 14991.403358117212 0.0247924586703268 165675.3317485798
6.48 0.08253565857916 1.361626273705e-07 0.9174642052582126 14785.262089956266 0.024391883062264946 164352.5836761326
6.5 0.08209637784384 1.3510944436e-07 0.9179034870467156 14582.587153505856 0.023999173890340952 163045.04473786624
6.5200000000000005 0.0816603287918 1.340678449629e-07 0.9183395371403551 14383.308962896683 0.023614149791235703 161752.48729661776
6.54 0.08122747833247 1.330376658094e-07 0.9187723886298642 14187.359563415583 0.023236634191572382 160474.68790151362
6.5600000000000005 0.08079779382794 1.320187463098e-07 0.9192020741533137 13994.672587679204 0.022866455165544933 159211.42719670245
6.58 0.08037124308516 1.310109285982e-07 0.9196286259039115 13805.183213172728 0.02250344529709026 157962.48983270914
6.6000000000000005 0.07994779434826 1.300140574842e-07 0.9200520756376824 13618.82812103964 0.02214744154770823 156727.66437974985
6.62 0.07952741629109 1.290279803955e-07 0.9204724546809296 13435.545456134045 0.021798285126875615 155506.7432433421
6.640000000000001 0.07911007800982 1.280525473277e-07 0.9208897939376327 13255.274788240977 0.021455821367692238 154299.52258187268
6.66 0.07869574901579 1.270876107952e-07 0.9213041238965992 13077.957074494487 0.021119899606600153 153105.80222645742
6.68 0.07828439922843 1.261330257813e-07 0.9217154746385442 12903.53462287398 0.020790373066640215 151925.38560247316
6.7 0.0778759989684 1.25188649691e-07 0.9221238758429503 12731.951056813132 0.02046709874477625 150758.07965320902
6.72 0.07747051895078 1.242543423022e-07 0.9225293567948777 12563.151280841117 0.020149937302417386 149603.694765419
6.74 0.07706793027848 1.233299657247e-07 0.9229319463915543 12397.081447231609 0.019838752960520577 148462.04469646956
6.76 0.07666820443575 1.224153843502e-07 0.9233316731488657 12233.688923648808 0.019533413396478787 147332.94650354752
6.78 0.0762713132818 1.215104648107e-07 0.9237285652077352 12072.922261715657 0.019233789645452085 146216.22047434005
6.8 0.07587722904457 1.206150759348e-07 0.9241226503403541 11914.731166516762 0.018939756004373885 145111.69005956533
6.82 0.07548592431467 1.197290887063e-07 0.9245139559562413 11759.06646698713 0.018651189939202575 144019.18180703648
6.84 0.07509737203932 1.188523762226e-07 0.9249025091083037 11605.880087139058 0.01836797199492952 142938.52529732557
6.86 0.07471154551654 1.179848136535e-07 0.9252883364986463 11455.125018140758 0.01808998570834912 141869.5530809621
6.88 0.07432841838939 1.171262782056e-07 0.9256714644843318 11306.75529119063 0.017817117524293685 140812.1006171768
6.9 0.07394796464033 1.1627664908e-07 0.9260519190830209 11160.72595116945 0.01754925671334053 139766.0062140964
6.92 0.07357015858569 1.154358074355e-07 0.9264297259785025 11016.993031035483 0.017286295292779544 138731.11097023674
6.94 0.07319497487026 1.146036363522e-07 0.9268049105261036 10875.51352696696 0.0170281279500018 137707.25871758524
6.96 0.07282238846199 1.137800207951e-07 0.9271774977579892 10736.24537419332 0.01677465196811852 136694.29596580862
6.98 0.07245237464677 1.129648475773e-07 0.9275475123883824 10599.147423524288 0.016525767153735813 135692.0718479994
7.0 0.07208490902334 1.121580053298e-07 0.9279149788186547 10464.179418523574 0.016281375767773294 134700.43806741846
7.0200000000000005 0.07171996749825 1.113593844631e-07 0.9282799211423655 10331.301973338714 0.016041382457144614 133719.24884576717
7.04 0.071357526281 1.105688771358e-07 0.9286423631501228 10200.476551151643 0.015805694189418712 132748.36087249697
7.0600000000000005 0.07099756187919 1.097863772219e-07 0.9290023283344327 10071.665443215437 0.015574220189182642 131787.63325526376
7.08 0.07064005109381 1.090117802791e-07 0.9293598398944097 9944.831748493822 0.0153468718764053 130836.92747168668
7.1000000000000005 0.07028497101462 1.082449835167e-07 0.9297149207403964 9819.93935384916 0.01512356280649656 129896.10732200899
7.12 0.06993229901557 1.074858857681e-07 0.9300675934985443 9696.952914792246 0.014904208612760539 128965.03888312801
7.140000000000001 0.06958201275039 1.067343874581e-07 0.9304178805152226 9575.837836748646 0.014688726949735088 128043.5904633301
7.16 0.06923409014818 1.059903905743e-07 0.9307658038614294 9456.560256851166 0.014477037438750914 127131.6325583792
7.18 0.06888850940912 1.052537986389e-07 0.9311113853370813 9339.087026221892 0.014269061615070867 126229.03780841308
7.2 0.06854524900032 1.045245166805e-07 0.9314546464751633 9223.385692752223 0.014064722876537573 125335.68095589666
7.22 0.06820428765159 1.038024512056e-07 0.9317956085459588 9109.42448432437 0.013863946433624761 124451.43880447237
7.24 0.06786560435148 1.030875101751e-07 0.9321342925610098 8997.172292518635 0.013666659261569162 123576.19017878067
7.26 0.06752917834324 1.023796029743e-07 0.932470719277157 8886.598656742679 0.013472790052988098 122709.81588523624
7.28 0.06719498912095 1.016786403889e-07 0.9328049092004096 8777.67374879183 0.013282269172601575 121852.19867354337
7.3 0.06686301642568 1.009845345791e-07 0.9331368825897853 8670.368357827305 0.013095028612981714 121003.22319919633
7.32 0.06653324024173 1.002971990544e-07 0.9334666594610709 8564.653875752534 0.012911001951617174 120162.77598674112
7.34 0.06620564079292 9.961654865179e-08 0.9337942595905313 8460.502282984635 0.01273012430961394 119330.74539395588
7.36 0.065880198539 9.894249950963e-08 0.9341197025185005 8357.88613459976 0.012552332310969572 118507.02157665863
7.38 0.06555689417207 9.827496904494e-08 0.934443007552961 8256.778546850928 0.012377564043422985 117691.49645446856
7.4 0.06523570861308 9.761387593078e-08 0.934764193773044 8157.153184033114 0.012205759020373757 116884.06367716052
7.42 0.06491662300844 9.695914007395e-08 0.9350832800324199 8058.984245712293 0.012036858143902271 116084.61859192052
7.44 0.0645996187266 9.631068259227e-08 0.9354002849627174 7962.246454270044 0.01187080366873537 115293.05821120567
7.46 0.0642846773548 9.566842579567e-08 0.9357152269767741 7866.915042791362 0.011707539167666514 114509.28118134008
7.48 0.06397178069575 9.503229316258e-08 0.9360281242719568 7772.965743248207 0.011547009497331843 113733.18775173882
7.5 0.06366091076454 9.44022093203e-08 0.9363389948332507 7680.374775025223 0.01138916076541812 112964.67974497624
7.5200000000000005 0.06335204978542 9.377810002475e-08 0.93664785643648 7589.118833701172 0.011233940298650501 112203.6605272376
7.54 0.06304518018876 9.315989213995e-08 0.9369547266513478 7499.175080152534 0.01108129661163479 111450.03497963854
7.5600000000000005 0.06274028460805 9.254751362104e-08 0.9372596228444363 7410.521129929525 0.010931179376944704 110703.70947006045
7.58 0.06243734587689 9.194089349288e-08 0.9375625621822166 7323.1350428978185 0.010783539395486269 109964.5918255942
7.6000000000000005 0.06213634702612 9.133996183219e-08 0.9378635616339182 7236.995313155028 0.010638328568067337 109232.59130554284
7.62 0.0618372712809 9.074464974938e-08 0.9381626379744502 7152.0808592006915 0.01049549986769671 108507.6185751228
7.640000000000001 0.06154010205797 9.015488936992e-08 0.9384598077871407 7068.371014363083 0.01035500731255163 107789.58567957545
7.66 0.06124482296283 8.957061381896e-08 0.9387550874665562 6985.845517458731 0.01021680594003786 107078.40601890424
7.68 0.06095141778703 8.899175720197e-08 0.9390484932212129 6904.484503696657 0.010080851781080077 106373.99432315142
7.7 0.06065987050553 8.841825458861e-08 0.9393400410762154 6824.268495812804 0.009947101835451487 105676.26662815793
7.72 0.06037016527407 8.785004199621e-08 0.939629746875888 6745.178395426716 0.009815514047709287 104985.14025188165
7.74 0.06008228642657 8.72870563729e-08 0.9399176262863737 6667.195474610475 0.009686047283715056 104300.53377116263
7.76 0.05979621847262 8.672923558375e-08 0.9402036947981445 6590.3013676758255 0.00955866130810233 103622.36699899772
7.78 0.05951194609497 8.617651839319e-08 0.9404879677285116 6514.4780631644735 0.00943331676192279 102950.56096233707
7.8 0.05922945414713 8.562884445029e-08 0.9407704602240256 6439.707896034237 0.009309975141169517 102285.0378801605
7.82 0.05894872765092 8.508615427396e-08 0.9410511872629258 6365.973540049738 0.00918859877587478 101625.72114234058
7.84 0.05866975179413 8.454838923748e-08 0.9413301636574807 6293.258000344488 0.009069150809638278 100972.53528854602
7.86 0.05839251192816 8.401549155609e-08 0.9416074040563485 6221.544606181388 0.008951595180038706 100325.40598792206
7.88 0.05811699356581 8.348740427088e-08 0.9418829229467857 6150.817003888667 0.008835896599130953 99684.26001894313
7.9 0.05784318237897 8.29640712356e-08 0.9421567346569587 6081.059149964928 0.008722020534765935 99049.02524985863
7.92 0.05757106419643 8.244543710304e-08 0.9424288533581329 6012.255304353078 0.008609933192327505 98419.63061938989
7.94 0.05730062500174 8.193144731117e-08 0.9426992930668127 5944.39002388893 0.00849960149692104 97796.00611796716
7.96 0.05703185093102 8.142204807173e-08 0.9429680676469319 5877.448155888294 0.008390993076248712 97178.08276915914
7.98 0.05676472827091 8.09171863557e-08 0.9432351908119035 5811.414831915866 0.008284076243616916 96565.7926117192
8.0 0.0564992434565 8.041680988126e-08 0.9435006761266901 5746.275461685594 0.008178819981607337 95959.06868177421
8.02 0.05623538306927 7.992086710088e-08 0.9437645370098628 5682.015727113805 0.00807519392608038 95357.84499550545
8.040000000000001 0.05597313383513 7.94293071909e-08 0.9440267867355627 5618.621576517683 0.00797316835082306 94762.05653209466
8.06 0.05571248262246 7.894208003792e-08 0.94428743843546 5556.079218955637 0.007872714152267892 94171.63921711531
8.08 0.05545341644012 7.845913622773e-08 0.9445465051007438 5494.375118690782 0.007773802834837156 93586.5299061569
8.1 0.05519592243565 7.798042703384e-08 0.944803999583923 5433.495989806456 0.0076764064966165085 93006.66636883051
8.120000000000001 0.05493998789331 7.750590440569e-08 0.9450599346007856 5373.428790925898 0.0075804978153444155 92431.98727302192
8.14 0.05468560023231 7.703552095928e-08 0.9453143227321691 5314.160720081246 0.0074860500349948995 91862.43216958281
8.16 0.05443274700495 7.656922996469e-08 0.94556717642582 5255.679209687124 0.007393036952380487 91297.94147724741
8.18 0.05418141589489 7.6106985336e-08 0.9458185079981246 5197.971921639324 0.007301432904311645 90738.45646777797
8.2 0.05393159471536 7.564874162041e-08 0.9460683296358984 5141.02674252845 0.007211212755004788 90183.9192515505
8.22 0.05368327140748 7.519445398947e-08 0.946316653398066 5084.831778969524 0.007122351883991995 89634.27276334188
8.24 0.05343643403854 7.474407822755e-08 0.9465634912173817 5029.375353032884 0.007034826174060934 89089.46074837161
8.26 0.05319107080034 7.429757072245e-08 0.9468088549020892 4974.645997787191 0.006948611999692702 88549.4277486522
8.28 0.05294717000753 7.38548884553e-08 0.9470527561375816 4920.632452944448 0.0068636862157138495 88014.11908961936
8.3 0.05270472009606 7.341598899245e-08 0.9472952064879511 4867.323660613064 0.0067800261464053095 87483.48086699787
8.32 0.05246370962152 7.298083047474e-08 0.9475362173976495 4814.708761135901 0.006697609574630082 86957.45993391803
8.34 0.05222412725763 7.254937160881e-08 0.9477758001929983 4762.777089038172 0.0066164147314127396 86436.00388830865
8.36 0.05198596179466 7.212157165808e-08 0.9480139660837684 4711.518169056184 0.00653642028573252 85919.06106047067
8.38 0.05174920213795 7.169739043354e-08 0.9482507261646596 4660.921712270157 0.006457605334551256 85406.5805009895
8.4 0.05151383730643 7.127678828638e-08 0.9484860914167818 4610.97761231743 0.006379949393235442 84898.51196877049
8.42 0.0512798564311 7.085972609818e-08 0.9487200727091739 4561.6759416931545 0.006303432385996259 84394.80591942805
8.44 0.05104724875364 7.044616527291e-08 0.9489526808001948 4513.006948135282 0.006228034636704279 83895.41349370964
8.46 0.05081600362497 7.003606772841e-08 0.9491839263389623 4464.961051096135 0.006153736859889997 83400.28650634509
8.48 0.05058611050385 6.962939588957e-08 0.9494138198667541 4417.528838291114 0.006080520152098948 82909.37743502358
8.5 0.05035755895551 6.922611267909e-08 0.9496423718183773 4370.701062320506 0.006008365983230639 82422.63940947039
8.52 0.05013033865027 6.882618151021e-08 0.9498695925235484 4324.468637376696 0.005937256188268258 81940.02620095492
8.540000000000001 0.04990443936227 6.842956627862e-08 0.9500954922081638 4278.822636021837 0.005867172959115222 81461.4922117759
8.56 0.04967985096807 6.803623135619e-08 0.9503200809956986 4233.754286031872 0.005798098836787146 80986.9924650863
8.58 0.0494565634454 6.76461415824e-08 0.9505433689084585 4189.254967320101 0.005730016703586107 80516.48259485605
8.6 0.04923456687193 6.725926225752e-08 0.9507653658688078 4145.316208930035 0.0056629097756058806 80049.91883603358
8.620000000000001 0.04901385142391 6.687555913508e-08 0.9509860817005309 4101.929686080583 0.0055967615953477915 79587.25801486253
8.64 0.04879440737503 6.649499841611e-08 0.9512055261299716 4059.087217296981 0.005531556024659049 79128.45753942398
8.66 0.04857622509516 6.611754674104e-08 0.9514237087872932 4016.7807615909937 0.0054672772376350084 78673.47539031251
8.68 0.04835929504917 6.574317118344e-08 0.9516406392076588 3975.002415711081 0.005403909713840347 78222.27011152856
8.700000000000001 0.04814360779572 6.537183924296e-08 0.9518563268324407 3933.7444114465916 0.0053414382316158745 77774.8008014902
8.72 0.04792915398614 6.500351883998e-08 0.9520707810103413 3892.9991129989953 0.0052798478616800605 77331.02710424071
8.74 0.04771592436323 6.463817830812e-08 0.9522840109985917 3852.7590144034148 0.0052191239607029755 76890.90920083575
8.76 0.04750390976021 6.427578638825e-08 0.9524960259640036 3813.016737013451 0.005159252165142524 76454.40780080094
8.78 0.04729310109952 6.391631222208e-08 0.9527068349841677 3773.7650270337067 0.00510021838519489 76021.48413388175
8.8 0.0470834893918 6.355972534711e-08 0.9529164470484747 3734.9967531134234 0.005042008798982118 75592.09994181713
8.82 0.04687506573477 6.320599568956e-08 0.9531248710592344 3696.704903985527 0.0049846098467136585 75166.21747031952
8.84 0.04666782131219 6.285509355895e-08 0.9533321158327164 3658.882586163049 0.004928008225111184 74743.79946121834
8.86 0.04646174739277 6.250698964199e-08 0.9535381901002403 3621.523021678869 0.00487219088190246 74324.8091447243
8.88 0.04625683532922 6.216165499793e-08 0.953743102509125 3584.619545883232 0.004817145010550971 73909.21023180972
8.9 0.04605307655716 6.181906105195e-08 0.953946861623779 3548.165605276551 0.00476285804495114 73496.96690673675
8.92 0.04585046259414 6.147917959011e-08 0.9541494759266803 3512.1547553989026 0.004709317654365926 73088.04381977068
8.94 0.04564898503868 6.114198275362e-08 0.9543509538193373 3476.5806587620855 0.004656511738420612 72682.40607996215
8.96 0.04544863556926 6.080744303452e-08 0.9545513036232969 3441.437082821448 0.004604428422315278 72280.01924807302
8.98 0.0452494059434 6.047553326955e-08 0.9547505335810668 3406.7178979977266 0.0045530560520073106 71880.84932964547
9.0 0.04505128799667 6.014622663536e-08 0.9549486518571033 3372.4170757328407 0.004502383189598894 71484.86276816316
9.02 0.04485427364181 5.981949664319e-08 0.9551456665386933 3338.528686597385 0.004452398608790557 71092.02643839605
9.040000000000001 0.04465835486778 5.94953171349e-08 0.9553415856369029 3305.046898428491 0.004403091290530013 70702.30763979688
9.06 0.04446352373887 5.917366227712e-08 0.9555364170874677 3271.9659745098666 0.004354450418616219 70315.67408999779
9.08 0.0442697723938 5.885450655688e-08 0.9557301687516934 3239.2802717943573 0.004306465375516435 69932.09391854996
9.1 0.04407709304485 5.85378247766e-08 0.9559228484173252 3206.984239157416 0.004259125738217194 69551.53566060809
9.120000000000001 0.04388547797699 5.822359205035e-08 0.9561144637994179 3175.07241569102 0.004212421274263916 69173.96825082856
9.14 0.04369491954705 5.791178379849e-08 0.9563050225411662 3143.5394290351514 0.004166341937768899 68799.36101737172
9.16 0.04350541018283 5.760237574343e-08 0.9564945322147942 3112.3799937351223 0.004120877865581424 68427.68367593194
9.18 0.04331694238232 5.729534390508e-08 0.9566830003223361 3081.5889096457386 0.004076019373525707 68058.90632398844
9.200000000000001 0.04312950871286 5.699066459727e-08 0.9568704342964753 3051.1610603572067 0.004031756952780217 67692.99943502399
9.22 0.04294310181034 5.668831442279e-08 0.9570568415013456 3021.0914116617055 0.003988081266245013 67329.93385297571
9.24 0.0427577143784 5.638827026914e-08 0.9572422292333297 2991.3750100461807 0.003944983145030948 66969.68078667988
9.26 0.04257333918765 5.60905093053e-08 0.9574266047218406 2962.006981218274 0.003902453585096808 66612.21180444454
9.28 0.0423899690749 5.579500897691e-08 0.957609975130091 2932.982528664398 0.003860483743849873 66257.49882875873
9.3 0.04220759694242 5.550174700248e-08 0.957792347555833 2904.296932234673 0.003819064936884925 65905.51413100089
9.32 0.04202621575712 5.521070136938e-08 0.9579737290321787 2875.94554675593 0.003778188634784212 65556.23032636495
9.34 0.0418458185499 5.492185033066e-08 0.9581541265282497 2847.9238006770524 0.0037378464600325814 65209.620368706
9.36 0.04166639841486 5.463517240057e-08 0.9583335469499676 2820.227194739344 0.0036980301839193105 64865.65754565937
9.38 0.04148794850861 5.43506463511e-08 0.9585119971407436 2792.851300673205 0.0036587317235653952 64524.3154736813
9.4 0.04131046204952 5.406825120807e-08 0.9586894838822287 2765.791759921246 0.003619943138989159 64185.56809328714
9.42 0.04113393231707 5.378796624831e-08 0.9588660138949637 2739.0442823903554 0.0035816566303022786 63849.38966429725
9.44 0.04095835265114 5.350977099535e-08 0.959041593839089 2712.604645226102 0.0035438645348675017 63515.75476120986
9.46 0.04078371645132 5.323364521598e-08 0.9592162303150348 2686.468691611084 0.003506559324571652 63184.63826861821
9.48 0.04061001717623 5.295956891759e-08 0.959389929864201 2660.6323295892307 0.003469733603208729 62856.01537674614
9.5 0.0404372483429 5.2687522344e-08 0.9595626989695777 2635.0915309146462 0.003433380103815288 62529.86157700061
9.52 0.04026540352606 5.241748597246e-08 0.959734544056454 2609.8423299183305 0.003397491686139139 62206.15265763598
9.540000000000001 0.04009447635754 5.214944051015e-08 0.9599054714930194 2584.8808224057993 0.0033620613341301037 61884.86469952588
9.56 0.03992446052563 5.188336689167e-08 0.960075487591003 2560.2031645689644 0.0033270821535402602 61565.974071901146
9.58 0.0397553497744 5.161924627518e-08 0.9602445986063537 2535.8055719209265 0.003292547369492626 61249.45742826671
9.6 0.03958713790317 5.135706003931e-08 0.9604128107397699 2511.6843182577445 0.0032584503241449817 60935.291702302085
9.620000000000001 0.03941981876582 5.109678978083e-08 0.9605801301373902 2487.8357346338976 0.0032247844744544628 60623.45410393385
9.64 0.03925338627022 5.083841731091e-08 0.9607465628913626 2464.256208360236 0.0031915433898925204 60313.922115350004
9.66 0.03908783437765 5.058192465237e-08 0.9609121150404254 2440.942182022199 0.0031587207502709815 60006.6734871219
9.68 0.03892315710219 5.032729403669e-08 0.961076792570516 2417.8901525195038 0.003126310343603132 59701.686234504705
9.700000000000001 0.03875934851015 5.007450790162e-08 0.9612406014153422 2395.0966701173907 0.0030943060640332963 59398.93863356926
9.72 0.03859640271948 4.982354888784e-08 0.9614035474569712 2372.5583375234205 0.0030627019097608575 59098.409217613276
9.74 0.03843431389927 4.957439983637e-08 0.9615656365263302 2350.271808983943 0.0030314919810479984 58800.07677354321
9.76 0.0382730762691 4.932704378558e-08 0.9617268744038562 2328.2337893860517 0.0030006704782399034 58503.920338263066
9.78 0.03811268409856 4.90814639692e-08 0.961887266819976 2306.4410333913133 0.002970231699891147 58209.9191952223
9.8 0.03795313170671 4.883764381304e-08 0.9620468194556462 2284.890344579704 0.0029401700408482833 57918.05287096216
9.82 0.0377944134615 4.859556693234e-08 0.9622055379429331 2263.57857460725 0.002910479990408924 57628.30113172034
9.84 0.03763652377927 4.835521712984e-08 0.9623634278655129 2242.5026223842533 0.0028811561305604034 57340.643980084664
9.86 0.03747945712424 4.811657839269e-08 0.9625204947591816 2221.65943327063 0.002852193134187324 57055.0616517611
9.88 0.03732320800797 4.787963488992e-08 0.9626767441123951 2201.0459982805733 0.002823585763342994 56771.534612295094
9.9 0.03716777098888 4.76443709706e-08 0.962832181366749 2180.6593533087002 0.0027953288675996325 56490.043553921736
9.92 0.03701314067172 4.741077116086e-08 0.9629868119175088 2160.4965783671896 0.002767417382363621 56210.56939245744
9.94 0.03685931170712 4.717882016168e-08 0.9631406411140598 2140.5547968398796 0.002739846327266671 55933.093264188494
9.96 0.03670627879104 4.694850284639e-08 0.9632936742604571 2120.831174746228 0.0027126108045741463 55657.59652286267
9.98 0.03655403666436 4.671980425895e-08 0.9634459166158358 2101.322920027671 0.002685705997670473 55384.060736739695
